position	a0	a1
809641	3	4
812761	3	1
817186	3	1
818954	4	2
825532	2	4
825767	4	2
833068	3	1
836587	3	1
837375	1	2
841742	1	4
843942	1	3
847601	2	4
855811	3	1
860608	2	4
873251	3	1
873548	2	4
874906	3	1
889689	3	2
894801	1	3
896109	2	4
896529	2	4
896686	3	2
896732	4	2
896798	1	3
896938	2	1
897538	4	2
897843	2	4
897922	2	4
898261	4	2
898279	4	1
898283	1	3
898444	4	2
898676	1	2
900119	1	3
901516	4	2
903175	2	1
905705	2	3
911848	2	4
917495	2	4
931513	4	2
969562	1	3
969637	4	2
986336	2	1
995153	2	3
995371	2	3
995543	1	3
1008307	3	2
1008527	2	3
1008588	2	4
1009184	4	2
1011654	3	1
1012158	2	4
1016623	3	1
1053123	1	4
1057439	3	1
1057474	3	1
1065797	3	2
1092879	2	4
1094425	1	3
1095185	2	4
1095253	3	1
1096593	2	4
1098216	4	2
1098246	2	3
1098290	4	2
1098300	4	1
1098614	2	4
1098619	2	4
1098820	4	2
1099309	4	3
1101480	1	2
1101496	4	1
1103805	2	4
1103888	4	2
1104437	1	3
1104646	4	2
1105092	2	4
1105560	1	2
1105605	2	3
1106320	1	3
1106406	4	2
1107293	2	4
1107547	3	4
1107673	1	3
1107882	4	2
1110784	2	4
1111994	4	1
1114570	1	3
1118005	2	4
1118696	2	4
1118835	1	3
1119363	2	3
1129422	4	2
1129916	4	2
1135738	3	2
1135812	4	2
1152303	4	2
1153768	4	2
1155177	1	2
1175206	4	2
